data = {
    'city_10_instance_0.txt': [45.18849411078001, [(0, 4), (1, 6), (2, 5), (3, 8), (4, 3), (5, 1), (6, 7), (7, 0), (8, 9), (9, 2)]],
    'city_10_instance_1.txt': [56.61271941887264, [(0, 6), (1, 7), (2, 5), (3, 8), (4, 0), (5, 3), (6, 1), (7, 9), (8, 4), (9, 2)]],
    'city_10_instance_2.txt': [69.42621983083913, [(0, 8), (1, 7), (2, 9), (3, 4), (4, 2), (5, 0), (6, 5), (7, 6), (8, 3), (9, 1)]],
    'city_10_instance_3.txt': [68.26419266350405, [(0, 3), (1, 2), (2, 4), (3, 9), (4, 8), (5, 6), (6, 7), (7, 1), (8, 0), (9, 5)]],
    'city_10_instance_4.txt': [61.68468205316454, [(0, 5), (1, 9), (2, 6), (3, 4), (4, 0), (5, 7), (6, 3), (7, 1), (8, 2), (9, 8)]],
    'city_15_instance_0.txt': [42.37924020083418, [(0, 10), (1, 8), (2, 6), (3, 7), (4, 11), (5, 2), (6, 3), (7, 4), (8, 0), (9, 1), (10, 13), (11, 14), (12, 9), (13, 5), (14, 12)]],
    'city_15_instance_1.txt': [50.21951811795888, [(0, 5), (1, 7), (2, 12), (3, 9), (4, 0), (5, 2), (6, 14), (7, 3), (8, 1), (9, 10), (10, 4), (11, 13), (12, 11), (13, 6), (14, 8)]],
    'city_15_instance_2.txt': [39.05124837953327, [(0, 11), (1, 0), (2, 6), (3, 5), (4, 7), (5, 10), (6, 8), (7, 9), (8, 14), (9, 13), (10, 12), (11, 4), (12, 2), (13, 3), (14, 1)]],
    'city_15_instance_3.txt': [48.373546489791295, [(0, 13), (1, 12), (2, 11), (3, 7), (4, 3), (5, 0), (6, 14), (7, 2), (8, 10), (9, 5), (10, 9), (11, 8), (12, 4), (13, 6), (14, 1)]],
    'city_15_instance_4.txt': [35.77708763999664, [(0, 8), (1, 11), (2, 7), (3, 13), (4, 12), (5, 2), (6, 10), (7, 9), (8, 6), (9, 0), (10, 14), (11, 4), (12, 5), (13, 1), (14, 3)]],
    'city_20_instance_0.txt': [32.38826948140329, [(0, 4), (1, 17), (2, 6), (3, 18), (4, 1), (5, 13), (6, 10), (7, 14), (8, 19), (9, 12), (10, 3), (11, 9), (12, 7), (13, 8), (14, 16), (15, 11), (16, 0), (17, 5), (18, 15), (19, 2)]],
    'city_20_instance_1.txt': [32.57299494980466, [(0, 3), (1, 2), (2, 6), (3, 14), (4, 10), (5, 7), (6, 0), (7, 4), (8, 12), (9, 8), (10, 11), (11, 16), (12, 1), (13, 9), (14, 5), (15, 13), (16, 17), (17, 18), (18, 19), (19, 15)]],
    'city_20_instance_2.txt': [41.593268686170745, [(0, 12), (1, 18), (2, 9), (3, 4), (4, 10), (5, 17), (6, 7), (7, 11), (8, 6), (9, 13), (10, 8), (11, 0), (12, 14), (13, 5), (14, 19), (15, 2), (16, 15), (17, 1), (18, 3), (19, 16)]],
    'city_20_instance_3.txt': [41.0, [(0, 1), (1, 15), (2, 13), (3, 18), (4, 10), (5, 6), (6, 2), (7, 8), (8, 14), (9, 16), (10, 11), (11, 9), (12, 7), (13, 19), (14, 4), (15, 5), (16, 17), (17, 0), (18, 12), (19, 3)]],
    'city_20_instance_4.txt': [51.088159097779204, [(0, 19), (1, 18), (2, 12), (3, 15), (4, 3), (5, 9), (6, 4), (7, 16), (8, 13), (9, 17), (10, 6), (11, 14), (12, 7), (13, 1), (14, 2), (15, 5), (16, 10), (17, 0), (18, 11), (19, 8)]]
}