data = {
    'city_20_instance_3.txt': [158.65862319241174, [(0, 19), (2, 13), (6, 2), (12, 18), (13, 12), (18, 0), (19, 6)]],
    'city_20_instance_4.txt': [187.15997262302855, [(0, 8), (4, 15), (6, 4), (8, 17), (9, 12), (12, 6), (15, 0), (17, 9)]],
    'city_15_instance_0.txt': [114.09092744482805, [(0, 9), (8, 0), (9, 10), (10, 8)]],
    'city_10_instance_3.txt': [244.94130105668984, [(0, 8), (1, 7), (2, 1), (5, 2), (6, 5), (7, 0), (8, 6)]],
    'city_15_instance_4.txt': [156.55750207016007, [(0, 1), (1, 5), (5, 12), (8, 14), (11, 8), (12, 11), (13, 0), (14, 13)]],
    'city_20_instance_1.txt': [108.66296159815985, [(0, 6), (2, 13), (6, 2), (9, 0), (13, 9)]],
    'city_10_instance_4.txt': [279.01569284343157, [(0, 3), (1, 0), (2, 8), (3, 2), (5, 1), (7, 5), (8, 9), (9, 7)]],
    'city_20_instance_0.txt': [110.08796524611944, [(0, 1), (1, 8), (4, 0), (8, 4)]],
    'city_15_instance_2.txt': [103.11611697272403, [(0, 1), (1, 8), (2, 0), (6, 2), (8, 11), (11, 6)]],
    'city_20_instance_2.txt': [150.52899415429272, [(0, 16), (6, 0), (11, 6), (16, 19), (18, 11), (19, 18)]],
    'city_15_instance_1.txt': [148.8696327365002, [(0, 4), (4, 11), (5, 0), (11, 13), (13, 5)]],
    'city_15_instance_3.txt': [138.22028342379204, [(0, 4), (4, 10), (5, 14), (8, 9), (9, 5), (10, 8), (14, 0)]],
    'city_10_instance_0.txt': [72.8282439136095, [(0, 5), (5, 6), (6, 7), (7, 0)]],
    'city_10_instance_2.txt': [273.3072642077374, [(0, 3), (1, 9), (2, 1), (3, 5), (5, 2), (9, 0)]],
    'city_10_instance_1.txt': [169.9409598467532, [(0, 8), (3, 5), (5, 9), (8, 3), (9, 0)]]
}