data = {
    'city_10_instance_0.txt': [61.65991894151281, [(0, 9), (5, 6), (6, 0), (9, 5)]],
    'city_10_instance_1.txt': [110.38072506104011, [(0, 4), (3, 5), (4, 8), (5, 0), (8, 3)]],
    'city_10_instance_2.txt': [183.85354044487238, [(0, 9), (1, 2), (2, 5), (5, 8), (8, 0), (9, 1)]],
    'city_10_instance_3.txt': [159.97188184793015, [(0, 8), (1, 2), (2, 4), (3, 7), (4, 0), (7, 1), (8, 3)]],
    'city_10_instance_4.txt': [235.37735391753955, [(0, 3), (1, 5), (3, 6), (4, 0), (5, 7), (6, 9), (7, 4), (9, 1)]],
    'city_15_instance_0.txt': [90.53947981328088, [(0, 1), (1, 10), (8, 0), (10, 8)]],
    'city_15_instance_1.txt': [118.89548683772628, [(0, 9), (1, 6), (3, 7), (6, 0), (7, 1), (9, 3)]],
    'city_15_instance_2.txt': [132.1185774560832, [(0, 6), (2, 0), (3, 13), (4, 3), (6, 11), (11, 12), (12, 4), (13, 2)]],
    'city_15_instance_3.txt': [168.783255347303, [(0, 14), (1, 0), (4, 1), (5, 13), (8, 10), (9, 5), (10, 12), (12, 4), (13, 8), (14, 9)]],
    'city_15_instance_4.txt': [211.26987307903312, [(0, 1), (1, 5), (3, 14), (4, 12), (5, 9), (6, 3), (8, 10), (9, 4), (10, 0), (11, 6), (12, 11), (14, 8)]],
    'city_20_instance_0.txt': [110.08796524611944, [(0, 4), (1, 0), (4, 8), (8, 1)]],
    'city_20_instance_1.txt': [130.6658168109853, [(0, 14), (2, 6), (6, 0), (8, 13), (9, 8), (13, 2), (14, 9)]],
    'city_20_instance_2.txt': [175.47723265355, [(0, 12), (7, 11), (11, 19), (12, 15), (13, 18), (14, 0), (15, 13), (16, 14), (18, 7), (19, 16)]],
    'city_20_instance_3.txt': [243.1108190045126, [(0, 1), (1, 4), (2, 6), (3, 0), (4, 7), (5, 17), (6, 19), (7, 18), (13, 2), (15, 3), (17, 15), (18, 13), (19, 5)]],
    'city_20_instance_4.txt': [275.48440554083993, [(0, 15), (1, 13), (2, 14), (5, 2), (6, 12), (7, 16), (8, 0), (10, 6), (11, 1), (12, 7), (13, 18), (14, 11), (15, 10), (16, 5), (17, 8), (18, 17)]]
}