data = {
    'city_10_instance_0.txt': [90.3960889267238, [(0, 9), (5, 6), (6, 7), (7, 0), (9, 5)]],
    'city_10_instance_1.txt': [110.38072506104011, [(0, 4), (3, 5), (4, 8), (5, 0), (8, 3)]],
    'city_10_instance_2.txt': [174.69223764340376, [(0, 8), (1, 9), (5, 1), (8, 5), (9, 0)]],
    'city_10_instance_3.txt': [90.47181490949765, [(0, 1), (1, 7), (3, 8), (7, 3), (8, 0)]],
    'city_10_instance_4.txt': [118.05886894235746, [(0, 3), (1, 0), (3, 9), (5, 1), (9, 5)]],
    'city_15_instance_0.txt': [154.2522201157328, [(0, 8), (1, 0), (4, 11), (8, 10), (9, 4), (10, 9), (11, 14), (14, 1)]],
    'city_15_instance_1.txt': [137.83881944044174, [(0, 5), (1, 7), (3, 9), (5, 13), (6, 1), (7, 3), (9, 0), (13, 6)]],
    'city_15_instance_2.txt': [132.1185774560832, [(0, 2), (2, 13), (3, 4), (4, 12), (6, 0), (11, 6), (12, 11), (13, 3)]],
    'city_15_instance_3.txt': [122.25494712313804, [(0, 14), (5, 9), (6, 0), (8, 6), (9, 10), (10, 13), (13, 8), (14, 5)]],
    'city_15_instance_4.txt': [126.87793811313972, [(0, 1), (1, 10), (3, 8), (6, 3), (8, 14), (10, 6), (13, 0), (14, 13)]],
    'city_20_instance_0.txt': [202.16816705222914, [(0, 1), (1, 8), (2, 5), (4, 0), (5, 13), (6, 2), (8, 19), (13, 17), (17, 4), (19, 6)]],
    'city_20_instance_1.txt': [165.05812842696147, [(0, 14), (1, 13), (2, 6), (6, 0), (8, 18), (9, 8), (13, 2), (14, 9), (15, 1), (18, 15)]],
    'city_20_instance_2.txt': [175.47723265355003, [(0, 14), (7, 18), (11, 7), (12, 0), (13, 15), (14, 16), (15, 12), (16, 19), (18, 13), (19, 11)]],
    'city_20_instance_3.txt': [182.23131556100697, [(0, 1), (1, 15), (2, 13), (3, 0), (5, 2), (6, 19), (13, 6), (15, 17), (17, 5), (19, 3)]],
    'city_20_instance_4.txt': [182.97461857450884, [(0, 10), (5, 9), (6, 12), (7, 16), (8, 0), (9, 17), (10, 6), (12, 7), (16, 5), (17, 8)]]
}