data = {
    'city_10_instance_0.txt': [271.47162187533536, [(0, 7), (1, 2), (2, 3), (3, 8), (4, 9), (5, 0), (6, 1), (7, 6), (8, 4), (9, 5)]],
    'city_10_instance_1.txt': [278.9348447394249, [(0, 4), (1, 6), (2, 9), (3, 5), (4, 8), (5, 2), (6, 0), (7, 1), (8, 3), (9, 7)]],
    'city_10_instance_2.txt': [354.91010610434057, [(0, 8), (1, 2), (2, 7), (3, 0), (4, 6), (5, 9), (6, 3), (7, 4), (8, 5), (9, 1)]],
    'city_10_instance_3.txt': [294.17253892411236, [(0, 7), (1, 4), (2, 5), (3, 8), (4, 2), (5, 6), (6, 9), (7, 1), (8, 0), (9, 3)]],
    'city_10_instance_4.txt': [320.7939094250147, [(0, 3), (1, 5), (2, 8), (3, 6), (4, 0), (5, 7), (6, 2), (7, 4), (8, 9), (9, 1)]],
    'city_15_instance_0.txt': [334.55744546522186, [(0, 8), (1, 9), (2, 0), (3, 5), (4, 7), (5, 6), (6, 2), (7, 13), (8, 10), (9, 11), (10, 1), (11, 14), (12, 4), (13, 3), (14, 12)]],
    'city_15_instance_1.txt': [355.523736614977, [(0, 4), (1, 6), (2, 12), (3, 7), (4, 10), (5, 0), (6, 14), (7, 1), (8, 2), (9, 3), (10, 9), (11, 13), (12, 11), (13, 5), (14, 8)]],
    'city_15_instance_2.txt': [311.87764180786695, [(0, 6), (1, 8), (2, 0), (3, 5), (4, 3), (5, 10), (6, 11), (7, 2), (8, 12), (9, 13), (10, 9), (11, 14), (12, 4), (13, 7), (14, 1)]],
    'city_15_instance_3.txt': [303.3094531921133, [(0, 1), (1, 4), (2, 11), (3, 7), (4, 12), (5, 14), (6, 13), (7, 2), (8, 6), (9, 5), (10, 9), (11, 8), (12, 3), (13, 10), (14, 0)]],
    'city_15_instance_4.txt': [288.5242816725832, [(0, 10), (1, 0), (2, 9), (3, 6), (4, 7), (5, 1), (6, 11), (7, 2), (8, 3), (9, 5), (10, 13), (11, 12), (12, 4), (13, 14), (14, 8)]],
    'city_20_instance_0.txt': [349.1974047195548, [(0, 4), (1, 8), (2, 10), (3, 18), (4, 1), (5, 19), (6, 2), (7, 14), (8, 13), (9, 12), (10, 3), (11, 9), (12, 7), (13, 17), (14, 16), (15, 11), (16, 0), (17, 5), (18, 15), (19, 6)]],
    'city_20_instance_1.txt': [376.9347096247061, [(0, 6), (1, 8), (2, 12), (3, 0), (4, 7), (5, 14), (6, 9), (7, 5), (8, 18), (9, 2), (10, 4), (11, 10), (12, 13), (13, 1), (14, 3), (15, 19), (16, 11), (17, 16), (18, 15), (19, 17)]],
    'city_20_instance_2.txt': [431.16959178265, [(0, 6), (1, 5), (2, 9), (3, 4), (4, 17), (5, 2), (6, 8), (7, 11), (8, 10), (9, 15), (10, 3), (11, 19), (12, 0), (13, 18), (14, 12), (15, 13), (16, 14), (17, 1), (18, 7), (19, 16)]],
    'city_20_instance_3.txt': [425.99721697902453, [(0, 18), (1, 10), (2, 13), (3, 0), (4, 1), (5, 2), (6, 19), (7, 4), (8, 14), (9, 16), (10, 11), (11, 9), (12, 8), (13, 6), (14, 7), (15, 5), (16, 17), (17, 15), (18, 12), (19, 3)]],
    'city_20_instance_4.txt': [379.72475773064514, [(0, 10), (1, 13), (2, 14), (3, 6), (4, 3), (5, 9), (6, 12), (7, 16), (8, 19), (9, 2), (10, 15), (11, 1), (12, 7), (13, 18), (14, 11), (15, 4), (16, 5), (17, 8), (18, 17), (19, 0)]]
}