data = {
    'E-n22-k4.txt': [375.2797871480125, [(0, 14), (14, 21), (16, 0), (19, 16), (21, 19), (0, 9), (1, 6), (2, 1), (5, 2), (6, 0), (7, 5), (9, 7), (0, 13), (3, 8), (4, 3), (8, 10), (10, 0), (11, 4), (13, 11), (0, 17), (12, 0), (15, 12), (17, 20), (18, 15), (20, 18)]],
    'P-n16-k8.txt': [451.335080208618, [(0, 6), (6, 0), (0, 2), (2, 0), (0, 1), (1, 0), (0, 15), (10, 0), (12, 10), (15, 12), (0, 7), (7, 14), (14, 0), (0, 11), (4, 0), (11, 4), (0, 13), (8, 0), (13, 8), (0, 5), (3, 0), (5, 9), (9, 3)]],
    'P-n19-k2.txt': [212.6569041858923, [(0, 4), (3, 17), (4, 11), (6, 0), (8, 6), (11, 14), (12, 3), (14, 12), (16, 8), (17, 16), (0, 1), (1, 10), (2, 7), (5, 18), (7, 9), (9, 15), (10, 2), (13, 5), (15, 13), (18, 0)]],
    'P-n21-k2.txt': [212.71153970290385, [(0, 4), (1, 16), (3, 19), (4, 11), (8, 10), (10, 1), (11, 15), (12, 3), (15, 12), (16, 0), (18, 8), (19, 18), (0, 20), (2, 7), (5, 14), (6, 0), (7, 6), (9, 13), (13, 2), (14, 17), (17, 9), (20, 5)]],
    'P-n23-k8.txt': [531.1738035458812, [(0, 16), (8, 0), (16, 8), (0, 11), (10, 0), (11, 15), (12, 10), (15, 12), (0, 13), (9, 17), (13, 9), (17, 0), (0, 5), (5, 14), (14, 22), (22, 0), (0, 3), (3, 19), (18, 0), (19, 18), (0, 1), (1, 2), (2, 0), (0, 4), (4, 7), (7, 0), (0, 6), (6, 20), (20, 21), (21, 0)]]
}