data = {
    'E-n22-k4.txt': [335.3918603030178, [(0, 12), (12, 15), (15, 18), (17, 21), (18, 20), (19, 0), (20, 17), (21, 19), (1, 8), (6, 1), (8, 6), (2, 7), (5, 2), (7, 9), (9, 5), (3, 4), (4, 11), (10, 3), (11, 13), (13, 16), (14, 10), (16, 14)]],
    'P-n19-k2.txt': [172.39301076823347, [(0, 18), (2, 6), (5, 13), (6, 0), (7, 2), (9, 7), (13, 15), (15, 9), (18, 5), (1, 4), (3, 17), (4, 11), (8, 10), (10, 1), (11, 14), (12, 3), (14, 12), (16, 8), (17, 16)]],
    'P-n21-k2.txt': [188.73069461855533, [(0, 16), (2, 7), (5, 20), (6, 0), (7, 13), (9, 17), (13, 9), (14, 5), (16, 2), (17, 14), (20, 6), (1, 10), (3, 12), (4, 1), (8, 18), (10, 8), (11, 4), (12, 15), (15, 11), (18, 19), (19, 3)]]
}