data = {
    'E-n22-k4.txt': [317.64443974541007, [(0, 19), (1, 4), (2, 5), (3, 11), (4, 3), (5, 9), (6, 1), (7, 2), (8, 6), (9, 7), (10, 8), (11, 13), (12, 0), (13, 16), (14, 10), (15, 12), (16, 14), (17, 20), (18, 15), (19, 21), (20, 18), (21, 17)]],
    'P-n16-k8.txt': [214.51301220103676, [(0, 15), (1, 12), (2, 13), (3, 8), (4, 11), (5, 14), (6, 10), (7, 9), (8, 2), (9, 5), (10, 1), (11, 0), (12, 3), (13, 7), (14, 6), (15, 4)]],
    'P-n19-k2.txt': [172.3930107682335, [(0, 6), (1, 4), (2, 7), (3, 17), (4, 11), (5, 18), (6, 2), (7, 9), (8, 10), (9, 15), (10, 1), (11, 14), (12, 3), (13, 5), (14, 12), (15, 13), (16, 8), (17, 16), (18, 0)]],
    'P-n21-k2.txt': [188.73069461855533, [(0, 6), (1, 10), (2, 16), (3, 12), (4, 1), (5, 14), (6, 20), (7, 2), (8, 18), (9, 13), (10, 8), (11, 4), (12, 15), (13, 7), (14, 17), (15, 11), (16, 0), (17, 9), (18, 19), (19, 3), (20, 5)]],
    'P-n23-k8.txt': [183.4088835692636, [(0, 16), (1, 10), (2, 13), (3, 19), (4, 12), (5, 20), (6, 21), (7, 22), (8, 3), (9, 7), (10, 2), (11, 4), (12, 15), (13, 9), (14, 5), (15, 11), (16, 1), (17, 14), (18, 8), (19, 18), (20, 6), (21, 0), (22, 17)]]
}