data = {
    'E-n22-k4.txt': [318.81104240767183, [(0, 12), (0, 14), (0, 15), (0, 16), (1, 2), (2, 5), (3, 1), (4, 3), (5, 7), (6, 8), (7, 9), (8, 10), (9, 6), (10, 0), (11, 4), (12, 0), (13, 11), (14, 0), (15, 18), (16, 0), (17, 21), (18, 20), (19, 13), (20, 17), (21, 19)]],
    'P-n16-k8.txt': [395.285041245455, [(0, 1), (0, 2), (0, 4), (0, 5), (0, 6), (0, 7), (0, 10), (0, 14), (1, 0), (2, 0), (3, 12), (4, 0), (5, 0), (6, 0), (7, 0), (8, 3), (9, 13), (10, 0), (11, 0), (12, 15), (13, 8), (14, 9), (15, 11)]],
    'P-n19-k2.txt': [192.81212626656406, [(0, 6), (0, 18), (1, 0), (2, 7), (3, 12), (4, 10), (5, 13), (6, 0), (7, 5), (8, 16), (9, 8), (10, 1), (11, 4), (12, 14), (13, 15), (14, 11), (15, 9), (16, 17), (17, 3), (18, 2)]],
    'P-n21-k2.txt': [198.65082474133712, [(0, 1), (0, 16), (1, 10), (2, 7), (3, 19), (4, 11), (5, 20), (6, 0), (7, 13), (8, 2), (9, 17), (10, 4), (11, 15), (12, 3), (13, 9), (14, 5), (15, 12), (16, 0), (17, 14), (18, 8), (19, 18), (20, 6)]],
    'P-n23-k8.txt': [346.80611686544296, [(0, 1), (0, 2), (0, 4), (0, 6), (0, 10), (0, 16), (0, 20), (0, 21), (1, 0), (2, 0), (3, 19), (4, 11), (5, 22), (6, 0), (7, 0), (8, 13), (9, 17), (10, 0), (11, 15), (12, 3), (13, 9), (14, 5), (15, 12), (16, 0), (17, 14), (18, 8), (19, 18), (20, 0), (21, 0), (22, 7)]]
}