City: 10		Average opt gap: 4.144906370566512		Opt gap list: [np.float64(7.506119629635142), np.float64(1.7068951083995116), np.float64(3.367191023065275), np.float64(5.106166342487155), np.float64(3.03815974924548)]
City: 15		Average opt gap: 13.86970798703822		Opt gap list: [np.float64(10.91864479092509), np.float64(19.587358076877504), np.float64(3.4071329477888983), np.float64(19.4619388070192), np.float64(15.973465312580405)]
City: 20		Average opt gap: 8.819143353297493		Opt gap list: [np.float64(0.0), np.float64(20.197747797469297), np.float64(10.31254116730585), np.float64(7.598637201458534), np.float64(5.986790600253779)]

Details:
{'10': [np.float64(7.506119629635142), np.float64(1.7068951083995116), np.float64(3.367191023065275), np.float64(5.106166342487155), np.float64(3.03815974924548)], '15': [np.float64(10.91864479092509), np.float64(19.587358076877504), np.float64(3.4071329477888983), np.float64(19.4619388070192), np.float64(15.973465312580405)], '20': [np.float64(0.0), np.float64(20.197747797469297), np.float64(10.31254116730585), np.float64(7.598637201458534), np.float64(5.986790600253779)]}