data = {
    'E-n22-k4.txt': [108.76088795469097, [(0, 10), (1, 2), (2, 0), (6, 1), (10, 6), (0, 19), (17, 20), (18, 0), (19, 21), (20, 18), (21, 17), (0, 8), (3, 4), (4, 11), (8, 3), (11, 13), (13, 16), (16, 0), (0, 7), (5, 9), (7, 5), (9, 12), (12, 15), (14, 0), (15, 14)]],
    'P-n16-k8.txt': [65.11528237778728, [(0, 6), (5, 0), (6, 14), (14, 5), (0, 3), (3, 0), (0, 8), (8, 0), (0, 9), (9, 0), (0, 7), (2, 0), (7, 13), (13, 2), (0, 11), (1, 0), (11, 1), (0, 15), (10, 0), (15, 10), (0, 4), (4, 12), (12, 0)]],
    'P-n19-k2.txt': [112.78191981337017, [(0, 8), (3, 12), (4, 0), (8, 16), (11, 4), (12, 14), (14, 11), (16, 17), (17, 3), (0, 18), (1, 0), (2, 7), (5, 13), (6, 2), (7, 5), (9, 10), (10, 1), (13, 15), (15, 9), (18, 6)]],
    'P-n21-k2.txt': [112.78191981337018, [(0, 4), (3, 19), (4, 11), (8, 0), (11, 15), (12, 3), (15, 12), (18, 8), (19, 18), (0, 16), (1, 0), (2, 10), (5, 14), (6, 20), (7, 2), (9, 13), (10, 1), (13, 7), (14, 17), (16, 6), (17, 9), (20, 5)]],
    'P-n23-k8.txt': [87.86353054595519, [(0, 15), (15, 0), (0, 13), (13, 18), (16, 0), (18, 16), (0, 17), (2, 0), (17, 2), (0, 21), (4, 11), (6, 4), (10, 0), (11, 10), (21, 6), (0, 12), (1, 0), (3, 1), (8, 3), (12, 8), (0, 19), (19, 0), (0, 5), (5, 22), (7, 0), (22, 7), (0, 14), (9, 20), (14, 9), (20, 0)]]
}