OUTPUT:
Distance Matrix:
[[ 0.         28.46049894 94.11163584 70.0285656  38.11823711 24.75883681
  30.6757233  73.08214556 42.3792402  25.49509757 36.76955262 76.83749085
  54.23098745 29.06888371 19.41648784]
 [28.46049894  0.         86.33075929 43.56604182 12.52996409 27.51363298
  53.03772242 52.43090692 50.69516742 27.20294102 35.0142828  72.12489168
  27.29468813 37.69615365 22.82542442]
 [94.11163584 86.33075929  0.         71.25307011 76.55063684 69.42621983
  84.11896338 48.37354649 57.80138407 68.76772499 57.38466694 18.35755975
  74.67261881 66.70832032 75.2861209 ]
 [70.0285656  43.56604182 71.25307011  0.         32.01562119 55.36244214
  85.79627032 23.         70.         54.4242593  52.15361924 65.78753681
  16.2788206  63.50590524 55.54277631]
 [38.11823711 12.52996409 76.55063684 32.01562119  0.         28.28427125
  57.68882041 40.         49.24428901 27.58622845 31.38470965 63.78871374
  16.1245155  38.28837944 26.07680962]
 [24.75883681 27.51363298 69.42621983 55.36244214 28.28427125  0.
  30.46309242 52.15361924 23.34523506  1.         12.04159458 52.43090692
  42.19004622 10.29563014  6.32455532]
 [30.6757233  53.03772242 84.11896338 85.79627032 57.68882041 30.46309242
   0.         80.39900497 26.40075756 31.38470965 36.12478374 65.76473219
  72.47068373 23.19482701 31.6227766 ]
 [73.08214556 52.43090692 48.37354649 23.         40.         52.15361924
  80.39900497  0.         59.13543777 51.15662225 44.28317965 44.77722635
  30.52867504 57.218878   54.91812087]
 [42.3792402  50.69516742 57.80138407 70.         49.24428901 23.34523506
  26.40075756 59.13543777  0.         23.53720459 18.43908891 39.44616585
  60.20797289 14.03566885 29.06888371]
 [25.49509757 27.20294102 68.76772499 54.4242593  27.58622845  1.
  31.38470965 51.15662225 23.53720459  0.         11.40175425 51.86520992
  41.34005322 10.81665383  6.70820393]
 [36.76955262 35.0142828  57.38466694 52.15361924 31.38470965 12.04159458
  36.12478374 44.28317965 18.43908891 11.40175425  0.         40.49691346
  41.77319715 13.         18.02775638]
 [76.83749085 72.12489168 18.35755975 65.78753681 63.78871374 52.43090692
  65.76473219 44.77722635 39.44616585 51.86520992 40.49691346  0.
  65.27633568 48.7954916  58.52349955]
 [54.23098745 27.29468813 74.67261881 16.2788206  16.1245155  42.19004622
  72.47068373 30.52867504 60.20797289 41.34005322 41.77319715 65.27633568
   0.         51.4003891  41.23105626]
 [29.06888371 37.69615365 66.70832032 63.50590524 38.28837944 10.29563014
  23.19482701 57.218878   14.03566885 10.81665383 13.         48.7954916
  51.4003891   0.         15.29705854]
 [19.41648784 22.82542442 75.2861209  55.54277631 26.07680962  6.32455532
  31.6227766  54.91812087 29.06888371  6.70820393 18.02775638 58.52349955
  41.23105626 15.29705854  0.        ]]


ERROR:


